ts,open,high,low,close,volume,date,ema50,ema200,atr14
1728777600000,2261.91,2268.69,2225.0,2256.84,1696.7756118,2024-10-13 00:00:00+00:00,2256.84,2256.84,
1728864000000,2256.84,2426.35,2237.36,2406.77,4754.05092504,2024-10-14 00:00:00+00:00,2262.7196078431375,2258.3318407960205,
1728950400000,2406.77,2459.65,2325.81,2391.95,4501.69572831,2024-10-15 00:00:00+00:00,2267.7874663590933,2259.6613747184483,
1729036800000,2391.95,2427.95,2378.49,2404.1,2869.97797289,2024-10-16 00:00:00+00:00,2273.133055913639,2261.098574970006,
1729123200000,2403.91,2437.81,2378.82,2403.47,2741.67014603,2024-10-17 00:00:00+00:00,2278.2443086229077,2262.515206064832,
1729209600000,2403.69,2460.0,2394.5,2431.66,3070.59125455,2024-10-18 00:00:00+00:00,2284.260610245539,2264.198238840306,
1729296000000,2431.69,2446.9,2419.67,2434.91,1636.77010136,2024-10-19 00:00:00+00:00,2290.1684294515962,2265.8968633294576,
1729382400000,2434.91,2531.75,2422.69,2523.0,2829.33797929,2024-10-20 00:00:00+00:00,2299.299079277024,2268.455103495334,
1729468800000,2523.13,2542.0,2451.04,2463.75,3610.85304725,2024-10-21 00:00:00+00:00,2305.74813499165,2270.3983362963754,
1729555200000,2463.75,2467.66,2409.44,2425.49,2787.26073855,2024-10-22 00:00:00+00:00,2310.4438944037424,2271.9415369302424,
1729641600000,2427.15,2429.9,2270.41,2339.44,3680.56530784,2024-10-23 00:00:00+00:00,2311.580996583988,2272.613163428449,
1729728000000,2339.45,2371.57,2320.07,2341.77,3097.9574392,2024-10-24 00:00:00+00:00,2312.764879070891,2273.301291155529,
1729814400000,2341.32,2366.24,2207.0,2259.02,7493.81650284,2024-10-25 00:00:00+00:00,2310.6572367543854,2273.1591887559716,
1729900800000,2259.02,2319.71,2251.16,2298.74,4052.4096106,2024-10-26 00:00:00+00:00,2310.189894136566,2273.4137241912354,90.33714285714284
1729987200000,2298.68,2337.03,2281.5,2320.46,1278.03012082,2024-10-27 00:00:00+00:00,2310.5926433861127,2273.8818463385865,91.18285714285715
1730073600000,2320.46,2388.88,2289.91,2369.82,3961.99941186,2024-10-28 00:00:00+00:00,2312.9152848219514,2274.8364548327304,84.75285714285717
1730160000000,2369.78,2479.72,2363.71,2434.82,4870.90270807,2024-10-29 00:00:00+00:00,2317.6958618877575,2276.4283309040466,83.47928571428572
1730246400000,2434.82,2507.28,2401.1,2447.65,4260.02137665,2024-10-30 00:00:00+00:00,2322.7921025980418,2278.1320291040065,87.53071428571431
1730332800000,2447.82,2457.35,2300.0,2313.51,4008.60444326,2024-10-31 00:00:00+00:00,2322.428098574589,2278.484048714912,94.5564285714286
1730419200000,2313.51,2379.75,2267.91,2318.87,4054.60816481,2024-11-01 00:00:00+00:00,2322.2885652971545,2278.8858989764553,97.86642857142861
1730505600000,2318.87,2329.65,2282.0,2303.15,1266.10839816,2024-11-02 00:00:00+00:00,2321.538033324717,2279.1273328174857,99.32500000000005
1730592000000,2303.2,2305.4,2227.5,2262.23,4437.81938605,2024-11-03 00:00:00+00:00,2319.2122280962967,2278.9592001526353,97.09928571428577
1730678400000,2262.19,2284.64,2167.84,2203.52,4575.6204943,2024-11-04 00:00:00+00:00,2314.6752779748736,2278.2085613451463,98.94500000000004
1730764800000,2203.53,2274.63,2190.13,2216.62,4127.69918256,2024-11-05 00:00:00+00:00,2310.8299729562514,2277.5957398392247,100.82214285714291
1730851200000,2216.61,2554.93,2215.62,2534.33,12170.67273925,2024-11-06 00:00:00+00:00,2319.5946798991436,2280.1503095920684,113.6664285714286
1730937600000,2534.33,2701.32,2513.95,2682.13,13300.23399177,2024-11-07 00:00:00+00:00,2333.8117512756476,2284.1501075065753,123.37142857142862
1731024000000,2682.3,2785.84,2681.64,2766.16,6206.01247315,2024-11-08 00:00:00+00:00,2350.7665845589554,2288.946225839843,119.44000000000008
1731110400000,2766.23,2946.32,2761.84,2918.57,7894.65625162,2024-11-09 00:00:00+00:00,2373.033385164487,2295.211139015566,127.72071428571437
1731196800000,2918.0,3025.0,2835.42,2965.5,17905.994975,2024-11-10 00:00:00+00:00,2396.2673700599976,2301.8806799208837,137.29571428571435
1731283200000,2965.49,3154.84,2897.06,3131.61,16570.73311183,2024-11-11 00:00:00+00:00,2425.104335939998,2310.1366930559993,148.63928571428576
1731369600000,3131.06,3200.0,2930.77,3043.08,12374.99415764,2024-11-12 00:00:00+00:00,2449.338675707057,2317.429661284298,159.5835714285715
1731456000000,3041.98,3143.89,2918.08,3012.62,13226.64467136,2024-11-13 00:00:00+00:00,2471.4281394048194,2324.3469780874398,168.12857142857146
1731542400000,3013.44,3068.04,2873.02,2904.87,7261.87780459,2024-11-14 00:00:00+00:00,2488.42585942816,2330.1233265641818,170.81928571428577
1731628800000,2904.83,2961.52,2859.76,2929.48,4736.60708353,2024-11-15 00:00:00+00:00,2505.7221002348992,2336.0870745585685,170.09928571428574
1731715200000,2928.9,3047.45,2913.67,2963.13,5971.26273163,2024-11-16 00:00:00+00:00,2523.6596649315698,2342.3263076475378,176.25142857142856
1731801600000,2964.32,2986.89,2870.04,2914.59,4167.90025949,2024-11-17 00:00:00+00:00,2538.9902663068024,2348.020473740597,179.0335714285714
1731888000000,2914.59,3040.95,2893.67,3026.55,6070.58652776,2024-11-18 00:00:00+00:00,2558.1102558633984,2354.7720113153173,181.21071428571426
1731974400000,3026.63,3038.75,2900.0,2932.94,5309.47787697,2024-11-19 00:00:00+00:00,2572.8094615158143,2360.524926625613,185.08571428571426
1732060800000,2933.6,2994.35,2875.4,2901.45,6655.15934707,2024-11-20 00:00:00+00:00,2585.6973257700965,2365.907265664164,169.34571428571425
1732147200000,2901.45,3228.17,2876.35,3196.2,14992.06090263,2024-11-21 00:00:00+00:00,2609.6386071124457,2374.168884911287,181.09214285714282
1732233600000,3196.0,3260.98,3124.57,3190.0,10195.77466505,2024-11-22 00:00:00+00:00,2632.3978774217617,2382.286607449483,183.39285714285708
1732320000000,3190.0,3346.53,3171.29,3242.23,8442.3710929,2024-11-23 00:00:00+00:00,2656.312862620908,2390.843258121628,182.73285714285709
1732406400000,3242.72,3294.15,3137.16,3206.48,5057.66107091,2024-11-24 00:00:00+00:00,2677.888044478912,2398.95904659803,180.40499999999997
1732492800000,3206.48,3375.0,3150.0,3263.1,11202.1023557,2024-11-25 00:00:00+00:00,2700.8375329307196,2407.5574640448162,178.06357142857138
1732579200000,3265.14,3306.03,3107.45,3168.01,6605.67877835,2024-11-26 00:00:00+00:00,2719.1580218353974,2415.1241559448677,173.01714285714283
1732665600000,3168.01,3487.18,3149.53,3460.57,8987.73584502,2024-11-27 00:00:00+00:00,2748.233001371264,2425.5266021543716,181.00571428571425
1732752000000,3460.58,3469.0,3345.58,3390.47,6970.59289922,2024-11-28 00:00:00+00:00,2773.4187660233715,2435.1280289986066,175.89142857142855
1732838400000,3390.09,3454.85,3341.55,3397.25,5222.40776604,2024-11-29 00:00:00+00:00,2797.8827359832394,2444.701381943894,176.71571428571426
1732924800000,3397.25,3531.2,3376.05,3501.08,6639.63314713,2024-11-30 00:00:00+00:00,2825.4590992780145,2455.212611974303,178.24214285714282
1733011200000,3501.66,3540.0,3461.1,3515.45,4530.59342728,2024-12-01 00:00:00+00:00,2852.5175659729944,2465.762237725802,175.53142857142853
1733097600000,3514.83,3566.44,3391.11,3470.01,9164.47928242,2024-12-02 00:00:00+00:00,2876.732955542681,2475.754752773307,177.535
1733184000000,3469.87,3495.79,3328.38,3442.11,6742.97466253,2024-12-03 00:00:00+00:00,2898.904604344929,2485.37022787009,179.58214285714283
1733270400000,3442.11,3699.03,3442.1,3649.11,12532.83929724,2024-12-04 00:00:00+00:00,2928.324423782383,2496.9497280902883,189.43785714285715
1733356800000,3649.67,3749.39,3475.0,3582.25,14549.97458545,2024-12-05 00:00:00+00:00,2953.968564026211,2507.748735770982,183.90714285714284
1733443200000,3582.26,3874.0,3575.93,3786.7,13652.99705859,2024-12-06 00:00:00+00:00,2986.624698770281,2520.474618997141,195.45428571428573
1733529600000,3786.71,3808.71,3760.41,3779.85,5242.77309533,2024-12-07 00:00:00+00:00,3017.7315733283094,2533.0057173155774,186.38714285714286
1733616000000,3778.9,3797.07,3715.2,3786.41,3899.85262899,2024-12-08 00:00:00+00:00,3047.8758253546503,2545.4774017203977,181.02142857142857
1733702400000,3786.41,3787.88,3307.62,3524.17,10696.09093766,2024-12-09 00:00:00+00:00,3066.554028281919,2555.2156365291503,199.25428571428574
1733788800000,3523.11,3584.86,3346.5,3450.58,8160.21418165,2024-12-10 00:00:00+00:00,3081.613870310079,2564.1247346731393,202.0957142857143
1733875200000,3450.3,3662.0,3387.41,3645.11,6467.37948136,2024-12-11 00:00:00+00:00,3103.7117577489,2574.880806964949,197.59142857142862
1733961600000,3645.11,3799.9,3617.3,3706.79,6076.66969323,2024-12-12 00:00:00+00:00,3127.361884896002,2586.1435850050984,201.81857142857146
1734048000000,3706.8,3781.61,3680.41,3722.11,3371.65925407,2024-12-13 00:00:00+00:00,3150.6853403902765,2597.446733413008,200.9542857142858
1734134400000,3722.11,3754.83,3645.0,3683.03,2188.24549393,2024-12-14 00:00:00+00:00,3171.5616015514424,2608.2485569611376,197.71714285714296
1734220800000,3683.04,3764.99,3647.68,3752.21,4817.86439539,2024-12-15 00:00:00+00:00,3194.3321269807975,2619.6312578868974,200.46071428571437
1734307200000,3752.21,3896.38,3700.0,3781.51,10544.54002801,2024-12-16 00:00:00+00:00,3217.3587102364527,2631.192240395486,201.9642857142858
1734393600000,3781.51,3839.18,3668.41,3707.66,6752.37388081,2024-12-17 00:00:00+00:00,3236.5862117958077,2641.9033623816003,202.20428571428582
1734480000000,3707.66,3727.82,3496.01,3503.4,8536.72785223,2024-12-18 00:00:00+00:00,3247.049497607737,2650.4754682285497,200.41000000000008
1734566400000,3503.4,3569.68,3208.0,3297.47,12796.14911986,2024-12-19 00:00:00+00:00,3249.0267722113554,2656.9132247635894,206.64500000000007
1734652800000,3296.0,3350.0,2973.42,3332.71,19258.20799625,2024-12-20 00:00:00+00:00,3252.308467418753,2663.6375707858424,212.2528571428572
1734739200000,3332.98,3415.99,3164.53,3205.79,7770.6893901,2024-12-21 00:00:00+00:00,3250.484213794488,2669.032122320312,226.76428571428573
1734825600000,3205.86,3266.51,3090.93,3143.91,3720.51759961,2024-12-22 00:00:00+00:00,3246.304832861371,2673.75727533205,233.45785714285716
1734912000000,3143.95,3326.85,3085.32,3287.57,5824.91497385,2024-12-23 00:00:00+00:00,3247.9230747099446,2679.864864632229,216.40571428571428
1734998400000,3287.58,3404.4,3224.01,3358.66,6123.32495341,2024-12-24 00:00:00+00:00,3252.265699231123,2686.61904508365,212.26499999999996
1735084800000,3358.53,3409.88,3312.11,3362.12,1966.57376093,2024-12-25 00:00:00+00:00,3256.573711025981,2693.3404476201313,199.63499999999996
1735171200000,3361.84,3377.21,3171.02,3197.81,2901.05214978,2024-12-26 00:00:00+00:00,3254.2692517700602,2698.3600451562493,201.31999999999996
1735257600000,3197.14,3303.13,3170.6,3194.5,4200.39447445,2024-12-27 00:00:00+00:00,3251.9253595437835,2703.296761124844,203.5578571428571
1735344000000,3194.74,3279.08,3183.58,3259.12,2123.32462765,2024-12-28 00:00:00+00:00,3252.2075023067728,2708.8273406161393,202.5342857142857
1735430400000,3259.12,3265.38,3183.17,3211.2,3246.42169511,2024-12-29 00:00:00+00:00,3250.5993649614093,2713.826073545332,200.02714285714282
1735516800000,3211.94,3285.29,3170.22,3226.81,5551.12452996,2024-12-30 00:00:00+00:00,3249.666448688413,2718.9303912214978,194.2192857142857
1735603200000,3226.81,3320.0,3183.8,3219.0,7131.51099429,2024-12-31 00:00:00+00:00,3248.4638428574945,2723.906208224269,191.74999999999997
1735689600000,3219.01,3253.67,3200.0,3238.32,2392.65670354,2025-01-01 00:00:00+00:00,3248.0660450983773,2729.024753416067,179.02571428571426
1735776000000,3238.32,3400.0,3235.41,3363.14,6216.35424222,2025-01-02 00:00:00+00:00,3252.5787492121667,2735.334357859688,164.94785714285715
1735862400000,3363.79,3522.12,3329.42,3500.0,7634.48831422,2025-01-03 00:00:00+00:00,3262.2815433607093,2742.9429712143187,151.8135714285714
1735948800000,3500.0,3560.0,3468.0,3548.11,3002.10158251,2025-01-04 00:00:00+00:00,3273.490502444603,2750.9545834410424,140.42357142857145
1736035200000,3548.15,3563.37,3489.2,3527.47,4222.6934549,2025-01-05 00:00:00+00:00,3283.450482740893,2758.681104998843,133.18
1736121600000,3527.7,3598.8,3476.27,3552.36,4516.53144466,2025-01-06 00:00:00+00:00,3293.9959540059567,2766.578407436665,124.68000000000004
1736208000000,3552.39,3563.45,3244.86,3270.65,7934.31047434,2025-01-07 00:00:00+00:00,3293.08042639788,2771.5940451736137,134.5514285714286
1736294400000,3270.64,3300.98,3118.48,3227.48,5110.36694324,2025-01-08 00:00:00+00:00,3290.5078606567863,2776.1302238286025,140.60357142857146
1736380800000,3227.56,3254.91,3069.01,3128.18,7258.45205605,2025-01-09 00:00:00+00:00,3284.142062199657,2779.633206676079,139.1542857142857
1736467200000,3128.61,3238.9,3118.41,3190.7,4067.97597283,2025-01-10 00:00:00+00:00,3280.477667603592,2783.723423525074,138.2942857142857
1736553600000,3190.7,3237.8,3144.14,3201.22,2734.08002086,2025-01-11 00:00:00+00:00,3277.3695237760003,2787.8776183158693,138.16285714285715
1736640000000,3201.22,3216.49,3149.64,3187.71,1938.31689164,2025-01-12 00:00:00+00:00,3273.8534640200787,2791.8560499744176,137.06571428571428
1736726400000,3187.71,3256.38,2855.01,3057.17,10665.94091515,2025-01-13 00:00:00+00:00,3265.3560732741935,2794.495989775667,157.51571428571427
1736812800000,3057.17,3172.0,3050.66,3130.13,4411.23008439,2025-01-14 00:00:00+00:00,3260.0530900085387,2797.8356316684467,156.45428571428573
1736899200000,3130.09,3372.99,3090.78,3349.73,5902.18783186,2025-01-15 00:00:00+00:00,3263.5698315768313,2803.327117920502,172.7785714285714
1736985600000,3349.74,3357.07,3171.6,3208.76,6161.72829492,2025-01-16 00:00:00+00:00,3261.4204264169557,2807.3612759511443,174.26999999999998
1737072000000,3209.17,3424.88,3209.1,3374.27,6159.7596921,2025-01-17 00:00:00+00:00,3265.845899890801,2813.0021587775013,175.94285714285712
1737158400000,3375.14,3392.0,3135.23,3213.01,5741.2940554,2025-01-18 00:00:00+00:00,3263.773903816652,2816.9823363021037,187.71214285714285
1737244800000,3213.01,3355.29,3049.0,3126.5,13622.73008015,2025-01-19 00:00:00+00:00,3258.390613470901,2820.0621140503417,204.29214285714284
1737331200000,3125.26,3338.16,3057.0,3149.01,9747.7692572,2025-01-20 00:00:00+00:00,3254.101177648513,2823.3352273433734,215.6228571428571
1737417600000,3149.05,3228.38,3086.3,3197.78,5093.92452881,2025-01-21 00:00:00+00:00,3251.892504015238,2827.0610459767727,203.01499999999996
1737504000000,3198.63,3227.88,3096.28,3115.07,3291.37121911,2025-01-22 00:00:00+00:00,3246.5269156224836,2829.926806713322,199.3792857142857
1737590400000,3115.07,3213.56,3060.01,3206.67,3918.35696427,2025-01-23 00:00:00+00:00,3244.963899323563,2833.675495203737,197.0685714285714
1737676800000,3206.76,3270.6,3140.93,3156.69,3920.90481708,2025-01-24 00:00:00+00:00,3241.5021777814627,2836.8895698783267,197.72428571428568
1737763200000,3155.3,3194.22,3118.5,3164.79,2781.57006538,2025-01-25 00:00:00+00:00,3238.4938570841505,2840.1522607253087,196.44285714285706
1737849600000,3164.79,3203.51,3088.0,3090.26,2379.75081241,2025-01-26 00:00:00+00:00,3232.6807646494776,2842.6408949469474,199.91857142857137
1737936000000,3088.91,3108.0,2887.0,3045.93,10180.08729113,2025-01-27 00:00:00+00:00,3225.357205251459,2844.6636721116543,187.03499999999994
1738022400000,3046.13,3088.88,2916.48,2950.9,4182.24450032,2025-01-28 00:00:00+00:00,3214.594177594539,2845.720750001091,190.6821428571428
1738108800000,2949.9,3052.41,2937.39,2987.29,3447.83433026,2025-01-29 00:00:00+00:00,3205.680288277106,2847.1293992548112,178.73999999999998
1738195200000,2987.29,3149.75,2966.71,3123.39,4728.37170604,2025-01-30 00:00:00+00:00,3202.453218148592,2849.8782609537684,178.56642857142853
1738281600000,3123.61,3306.86,3096.96,3185.95,6502.78818804,2025-01-31 00:00:00+00:00,3201.8060331231572,2853.222258357214,178.12214285714282
1738368000000,3185.95,3216.83,3002.0,3014.69,4182.91153102,2025-02-01 00:00:00+00:00,3194.4681494712686,2854.8289025526647,175.12642857142853
1738454400000,3014.69,3058.9,2686.19,2800.0,14924.80821832,2025-02-02 00:00:00+00:00,3178.9988102763173,2854.2833413332355,179.87071428571426
1738540800000,2802.69,2826.97,2095.0,2795.01,30048.76437615,2025-02-03 00:00:00+00:00,3163.940425559599,2853.693556842358,212.07142857142853
1738627200000,2795.01,2800.73,2540.56,2635.35,11038.66173762,2025-02-04 00:00:00+00:00,3143.2113892631446,2851.520984137459,220.50642857142856
1738713600000,2635.41,2714.98,2602.11,2682.71,4560.00796903,2025-02-05 00:00:00+00:00,3125.152511252825,2849.8412728525095,219.1685714285714
1738800000000,2682.46,2758.79,2561.0,2589.16,6133.34659143,2025-02-06 00:00:00+00:00,3104.133197086048,2847.2474293415394,222.32857142857142
1738886400000,2589.16,2699.4,2485.0,2541.46,5917.33446816,2025-02-07 00:00:00+00:00,3082.0675815140457,2844.204768353067,228.38071428571428
1738972800000,2541.46,2584.19,2513.5,2552.96,2921.57207578,2025-02-08 00:00:00+00:00,3061.3182645919264,2841.3068104590066,228.02142857142857
1739059200000,2553.04,2614.99,2452.02,2550.01,2894.88863087,2025-02-09 00:00:00+00:00,3041.2669600981253,2838.4083347330466,231.41142857142856
1739145600000,2550.01,2612.0,2487.37,2581.96,3322.85656489,2025-02-10 00:00:00+00:00,3023.2549224472186,2835.8566100093344,224.52785714285713
1739232000000,2581.96,2644.23,2473.09,2511.78,5130.12767898,2025-02-11 00:00:00+00:00,3003.1970823512493,2832.6319671236693,224.43785714285713
1739318400000,2511.82,2689.0,2464.56,2634.86,6126.70880952,2025-02-12 00:00:00+00:00,2988.752490886495,2830.664086853782,232.2535714285714
1739404800000,2634.86,2650.67,2510.22,2558.27,3577.19673017,2025-02-13 00:00:00+00:00,2971.870824577221,2827.953697929864,229.21142857142857
1739491200000,2558.95,2657.3,2550.0,2599.57,4346.3115325,2025-02-14 00:00:00+00:00,2957.2707922408595,2825.681223323597,221.88285714285715
1739577600000,2599.89,2611.43,2542.13,2568.78,1878.14869689,2025-02-15 00:00:00+00:00,2942.0358592118064,2823.12499224575,211.48785714285714
1739664000000,2568.78,2599.12,2530.21,2538.67,2318.40970437,2025-02-16 00:00:00+00:00,2926.2175902231083,2820.2945943129566,189.78785714285712
1739750400000,2538.67,2718.36,2516.56,2616.67,6089.90640218,2025-02-17 00:00:00+00:00,2914.078469037888,2818.2684789466584,151.91857142857143
1739836800000,2616.67,2628.27,2496.7,2555.25,5018.88539281,2025-02-18 00:00:00+00:00,2900.0067643697357,2815.651379653657,142.73285714285717
1739923200000,2555.25,2622.45,2542.55,2604.67,4076.34092137,2025-02-19 00:00:00+00:00,2888.4249304728833,2813.552062443173,140.37785714285715
1740009600000,2604.67,2651.38,2588.13,2610.22,3026.43725311,2025-02-20 00:00:00+00:00,2877.514933199437,2811.5288578417485,130.76785714285714
1740096000000,2610.22,2715.65,2503.86,2546.06,6319.44643909,2025-02-21 00:00:00+00:00,2864.5167005249496,2808.8873766691936,130.58142857142857
1740182400000,2546.06,2673.29,2539.73,2642.8,1834.32093654,2025-02-22 00:00:00+00:00,2855.8219279553437,2807.2347659560673,135.07214285714284
1740268800000,2642.8,2725.0,2626.81,2693.15,3427.55971798,2025-02-23 00:00:00+00:00,2849.4426366629773,2806.0995941555093,130.445
1740355200000,2693.15,2707.71,2363.79,2403.64,7355.70530494,2025-02-24 00:00:00+00:00,2831.9601803232526,2802.0950210793353,146.10857142857142
1740441600000,2403.37,2417.88,2214.0,2371.29,13800.13624647,2025-02-25 00:00:00+00:00,2813.8946830556742,2797.8084039541677,148.44714285714286
1740528000000,2371.4,2385.62,2146.0,2223.54,12826.77349226,2025-02-26 00:00:00+00:00,2790.743519014275,2792.094290481987,149.53142857142856
1740614400000,2223.68,2269.47,2141.69,2216.15,5760.62671452,2025-02-27 00:00:00+00:00,2768.210439837245,2786.3635015219675,148.62642857142853
1740700800000,2216.0,2221.22,1995.0,2154.74,14802.0690334,2025-02-28 00:00:00+00:00,2744.152775529902,2780.07869056155,157.12071428571423
1740787200000,2156.03,2196.96,2067.27,2138.46,3353.24789032,2025-03-01 00:00:00+00:00,2720.4001176659845,2773.6944249838234,161.43428571428566
1740873600000,2138.19,2453.8,2096.86,2420.65,12858.50792084,2025-03-02 00:00:00+00:00,2708.645211090848,2770.181545133238,182.00785714285712
1740960000000,2420.65,2424.82,1985.39,2049.25,13323.45906176,2025-03-03 00:00:00+00:00,2682.7865753617953,2763.0080969229575,198.98142857142855
1741046400000,2049.25,2091.11,1895.85,2045.0,9653.64801435,2025-03-04 00:00:00+00:00,2657.775337112313,2755.8637377495947,203.53071428571425
1741132800000,2044.83,2126.14,2008.59,2077.89,5460.83115992,2025-03-05 00:00:00+00:00,2635.034735656928,2749.117730408803,206.22
1741219200000,2077.89,2147.11,2018.57,2042.12,6877.06523925,2025-03-06 00:00:00+00:00,2611.7831773958724,2742.0829271211533,210.88357142857143
1741305600000,2042.64,2078.98,1950.28,1976.33,9576.72620201,2025-03-07 00:00:00+00:00,2586.8634449489755,2734.463495010495,204.94857142857146
1741392000000,1976.34,2061.99,1942.69,2034.59,3135.69254572,2025-03-08 00:00:00+00:00,2565.205662794114,2727.4995796372564,203.93
1741478400000,2034.6,2042.27,1833.77,1857.75,7688.32021576,2025-03-09 00:00:00+00:00,2537.4623034688548,2718.845354964249,211.80928571428572
1741564800000,1859.89,1985.32,1672.62,1719.77,13265.5017139,2025-03-10 00:00:00+00:00,2505.395938626939,2708.9043066561476,209.5792857142857
1741651200000,1720.1,1796.76,1617.0,1760.14,11466.41489861,2025-03-11 00:00:00+00:00,2476.1702155435296,2699.4638657938976,207.85642857142855
1741737600000,1761.61,1790.74,1677.5,1753.5,7532.15524552,2025-03-12 00:00:00+00:00,2447.8302070908426,2690.0512900148537,198.8292857142857
1741824000000,1753.11,1769.39,1677.67,1717.61,7520.49469077,2025-03-13 00:00:00+00:00,2419.194120538261,2680.375257278388,196.25357142857143
1741910400000,1717.91,1788.74,1714.56,1756.33,5775.23271128,2025-03-14 00:00:00+00:00,2393.199449144604,2671.1807771064637,185.39357142857145
1741996800000,1757.52,1799.24,1752.01,1782.01,2822.05110289,2025-03-15 00:00:00+00:00,2369.231235452659,2662.333306687494,179.50357142857143
1742083200000,1782.14,1783.81,1712.43,1735.41,4721.79863253,2025-03-16 00:00:00+00:00,2344.375500729025,2653.1101892080164,159.10642857142858
1742169600000,1735.42,1787.36,1727.55,1764.34,5523.4422157,2025-03-17 00:00:00+00:00,2321.629010504357,2644.266704738285,131.9907142857143
1742256000000,1764.26,1768.01,1712.46,1766.25,3774.77347867,2025-03-18 00:00:00+00:00,2299.849441464971,2635.530220114024,122.01142857142857
1742342400000,1765.48,1897.37,1761.64,1885.34,7659.50441547,2025-03-19 00:00:00+00:00,2283.5941692506585,2628.065640809407,123.30999999999997
1742428800000,1885.17,1894.28,1798.54,1827.02,5326.35050292,2025-03-20 00:00:00+00:00,2265.6892998682797,2620.0950374182685,120.96714285714282
1742515200000,1826.96,1839.19,1786.0,1815.8,3174.5472969,2025-03-21 00:00:00+00:00,2248.0465822263864,2612.092101722564,115.5735714285714
1742601600000,1816.24,1854.79,1815.62,1830.26,2112.16036494,2025-03-22 00:00:00+00:00,2231.662794688097,2604.3126778248275,109.85
1742688000000,1830.27,1867.05,1827.63,1850.64,2471.65286964,2025-03-23 00:00:00+00:00,2216.7207243081716,2596.813447199705,97.77285714285712
1742774400000,1850.82,1944.0,1827.83,1927.82,6039.6286639,2025-03-24 00:00:00+00:00,2205.391284139224,2590.1567959837876,83.73499999999999
1742860800000,1926.8,1942.07,1886.27,1916.68,3444.67622845,2025-03-25 00:00:00+00:00,2194.069272996509,2583.4555343322077,74.88071428571426
1742947200000,1916.68,1926.82,1843.1,1869.99,4025.22569673,2025-03-26 00:00:00+00:00,2181.360281898607,2576.3563747866133,72.77214285714284
1743033600000,1870.0,1890.04,1843.12,1854.94,2652.6575362,2025-03-27 00:00:00+00:00,2168.5594865300345,2569.178102400677,69.57214285714284
1743120000000,1854.94,1867.58,1721.11,1752.1,5617.12080513,2025-03-28 00:00:00+00:00,2152.227741960229,2561.047972028531,74.73571428571427
1743206400000,1752.11,1766.7,1660.33,1689.24,5938.23046007,2025-03-29 00:00:00+00:00,2134.071359922573,2552.3732658391928,78.96
1743292800000,1689.24,1707.94,1636.49,1669.16,5077.93853881,2025-03-30 00:00:00+00:00,2115.8395418863934,2543.5850741393006,78.965
1743379200000,1670.19,1715.0,1643.27,1684.12,6974.14048041,2025-03-31 00:00:00+00:00,2098.9093637732017,2535.0331828543326,79.81642857142857
1743465600000,1684.29,1784.58,1680.83,1765.3,36963.63731705,2025-04-01 00:00:00+00:00,2085.826643625233,2527.374146209016,83.25928571428572
1743552000000,1765.3,1794.73,1642.1,1646.13,10169.03945935,2025-04-02 00:00:00+00:00,2068.583637992871,2518.6055477392747,84.46642857142861
1743638400000,1646.13,1690.64,1575.71,1644.61,12230.78653593,2025-04-03 00:00:00+00:00,2051.95722081668,2509.9090746274414,85.8371428571429
1743724800000,1644.61,1669.44,1591.82,1657.1,5979.75598887,2025-04-04 00:00:00+00:00,2036.4726239219085,2501.4234121933378,87.5821428571429
1743811200000,1657.51,1665.9,1610.48,1646.92,2233.20326299,2025-04-05 00:00:00+00:00,2021.1960504347749,2492.9208906789763,88.74285714285718
1743897600000,1646.69,1657.06,1396.24,1435.96,15497.80137459,2025-04-06 00:00:00+00:00,1998.2456170843916,2482.403866891126,104.5571428571429
1743984000000,1435.96,1494.42,1280.01,1423.84,20377.69049303,2025-04-07 00:00:00+00:00,1975.7199066104938,2471.870893091215,111.57428571428576
1744070400000,1423.02,1474.03,1316.64,1341.48,8474.50359997,2025-04-08 00:00:00+00:00,1950.8477534100823,2460.623222513193,118.83071428571432
1744156800000,1340.99,1542.12,1255.22,1524.62,14349.3986756,2025-04-09 00:00:00+00:00,1934.1329395508635,2451.309757612564,133.34357142857147
1744243200000,1524.77,1524.78,1315.02,1351.59,14313.7221796,2025-04-10 00:00:00+00:00,1911.2881183920063,2440.3672724621906,144.97500000000002
1744329600000,1352.17,1405.13,1330.98,1379.16,14105.09417622,2025-04-11 00:00:00+00:00,1890.4203490433001,2429.807996119283,139.80928571428575
1744416000000,1379.12,1469.02,1361.92,1448.65,6804.61179848,2025-04-12 00:00:00+00:00,1873.0960216298374,2420.045229988743,139.86142857142858
1744502400000,1448.71,1453.17,1379.01,1407.9,6291.63776461,2025-04-13 00:00:00+00:00,1854.8530403894517,2409.9741331729347,140.055
1744588800000,1407.91,1488.39,1406.22,1433.1,5856.5662844,2025-04-14 00:00:00+00:00,1838.3137054722185,2400.2539925443484,140.8007142857143
1744675200000,1432.77,1466.73,1403.0,1407.2,8051.31088797,2025-04-15 00:00:00+00:00,1821.4072856497787,2390.372858290176,137.94214285714287
1744761600000,1407.21,1420.37,1353.2,1383.87,7020.53162108,2025-04-16 00:00:00+00:00,1804.2489607223365,2380.3579044763433,131.83785714285713
1744848000000,1383.76,1424.72,1374.79,1392.58,5313.170748,2025-04-17 00:00:00+00:00,1788.1050799096959,2370.529268610907,127.19500000000001
1744934400000,1392.83,1404.61,1385.0,1394.77,1701.94514288,2025-04-18 00:00:00+00:00,1772.6801748151981,2360.820221162042,123.05142857142856
1745020800000,1394.81,1430.97,1392.21,1415.38,2268.29695363,2025-04-19 00:00:00+00:00,1758.6684032538178,2351.412855777345,121.86142857142855
1745107200000,1415.59,1421.26,1376.0,1387.15,2577.38423451,2025-04-20 00:00:00+00:00,1744.0990541066094,2341.8182004959785,106.4642857142857
1745193600000,1387.13,1439.0,1357.89,1371.93,6849.69793975,2025-04-21 00:00:00+00:00,1729.5041892396835,2332.167571635322,96.94285714285711
1745280000000,1371.93,1561.11,1338.33,1547.28,10367.89388566,2025-04-22 00:00:00+00:00,1722.3581426028331,2324.357745051886,101.6135714285714
1745366400000,1547.59,1611.07,1534.32,1585.47,10694.15133157,2025-04-23 00:00:00+00:00,1716.9899801478202,2317.0056281856982,86.60285714285713
1745452800000,1585.06,1588.37,1514.79,1556.48,5542.77706765,2025-04-24 00:00:00+00:00,1710.6954711224155,2309.438208999771,76.87571428571427
1745539200000,1556.99,1608.25,1534.13,1572.6,6279.68899664,2025-04-25 00:00:00+00:00,1705.2799624509482,2302.106485527137,76.8735714285714
1745625600000,1571.72,1619.76,1568.01,1602.83,3183.11296639,2025-04-26 00:00:00+00:00,1701.2623168646364,2295.1485105467673,72.91999999999997
1745712000000,1603.56,1635.09,1571.0,1579.52,3622.70578724,2025-04-27 00:00:00+00:00,1696.488108360141,2288.027828849785,72.20071428571426
1745798400000,1579.42,1611.88,1533.29,1577.57,5583.94235376,2025-04-28 00:00:00+00:00,1691.8246531303316,2280.9585967219264,71.94499999999996
1745884800000,1578.15,1619.41,1565.54,1579.03,4497.80734815,2025-04-29 00:00:00+00:00,1687.4013333997304,2273.9742325754396,71.24071428571426
1745971200000,1578.98,1597.11,1525.05,1583.51,4640.37946013,2025-04-30 00:00:00+00:00,1683.3271634624862,2267.1039417040424,71.58999999999999
1746057600000,1584.67,1658.99,1583.2,1627.88,4889.72368936,2025-05-01 00:00:00+00:00,1681.1527648953297,2260.7435044731565,73.43714285714283
1746144000000,1627.64,1651.63,1602.34,1630.75,3736.12552839,2025-05-02 00:00:00+00:00,1679.1761858798268,2254.4749123888464,75.55714285714285
1746230400000,1630.76,1636.22,1605.1,1623.66,1817.94524815,2025-05-03 00:00:00+00:00,1676.9990805512064,2248.198147091445,75.01142857142858
1746316800000,1623.94,1637.76,1595.0,1598.0,2151.50932677,2025-05-04 00:00:00+00:00,1673.9010773923355,2241.7285137870526,74.83285714285715
1746403200000,1597.92,1620.0,1572.3,1609.28,4535.87520332,2025-05-05 00:00:00+00:00,1671.366917494597,2235.4354937493704,72.44642857142858
1746489600000,1609.42,1613.32,1544.9,1601.2,3418.86908965,2025-05-06 00:00:00+00:00,1668.6152736712795,2229.124692816541,61.42071428571429
1746576000000,1602.44,1630.83,1575.4,1602.02,4011.93342621,2025-05-07 00:00:00+00:00,1666.0036943116215,2222.8848451268245,59.89785714285714
1746662400000,1602.24,1979.22,1599.48,1965.0,19771.14329664,2025-05-08 00:00:00+00:00,1677.7290396327344,2220.318826767354,81.76642857142858
1746748800000,1965.0,2211.0,1945.93,2082.93,15133.34765666,2025-05-09 00:00:00+00:00,1693.6192733726273,2218.951773764694,95.4057142857143
1746835200000,2083.58,2306.74,2060.6,2294.72,11657.15893495,2025-05-10 00:00:00+00:00,1717.1918508874262,2219.7056864635524,109.29071428571429
1746921600000,2294.14,2314.99,2165.44,2235.5,8147.75507758,2025-05-11 00:00:00+00:00,1737.517660656547,2219.862843812174,115.39499999999998
1747008000000,2239.45,2354.0,2171.19,2248.18,12500.89804725,2025-05-12 00:00:00+00:00,1757.5436347484472,2220.144606560312,122.83928571428568
1747094400000,2248.15,2446.08,2176.91,2396.24,12947.33945978,2025-05-13 00:00:00+00:00,1782.5905510328218,2221.8967995298613,138.2178571428571
1747180800000,2395.96,2433.09,2275.34,2333.53,12516.01293712,2025-05-14 00:00:00+00:00,1804.1960196197701,2223.007577643992,144.33857142857138
1747267200000,2333.71,2364.48,2217.27,2277.25,8802.04645958,2025-05-15 00:00:00+00:00,1822.7471561052694,2223.5473032395744,149.44
1747353600000,2277.81,2362.45,2262.43,2272.08,8680.83532721,2025-05-16 00:00:00+00:00,1840.3680519442785,2224.030215645151,153.06357142857138
1747440000000,2272.08,2272.08,2189.7,2217.28,5155.99409501,2025-05-17 00:00:00+00:00,1855.148912652346,2223.9630493203235,156.72499999999997
1747526400000,2217.28,2315.68,2067.36,2233.07,7155.79159869,2025-05-18 00:00:00+00:00,1869.9693474502933,2224.053665744997,171.40785714285707
1747612800000,2230.44,2266.0,2096.44,2250.39,6050.28443796,2025-05-19 00:00:00+00:00,1884.887804413027,2224.315718822161,180.1121428571428
1747699200000,2250.92,2301.0,2168.66,2236.04,8957.98970834,2025-05-20 00:00:00+00:00,1898.6584787497711,2224.432378336369,184.6778571428571
1747785600000,2236.49,2304.73,2163.78,2250.06,8999.90899536,2025-05-21 00:00:00+00:00,1912.4389305635057,2224.6873795469523,190.78642857142853
1747872000000,2250.83,2380.0,2246.46,2360.0,12221.0172682,2025-05-22 00:00:00+00:00,1929.9903450512113,2226.033773780316,173.20071428571424
1747958400000,2359.83,2412.76,2203.6,2224.47,11192.42407657,2025-05-23 00:00:00+00:00,1941.538566813909,2226.0182138422033,169.20714285714283
1748044800000,2224.47,2266.17,2214.82,2227.94,2316.28474648,2025-05-24 00:00:00+00:00,1952.7699955663047,2226.0373360925296,155.2935714285714
1748131200000,2228.14,2246.55,2169.05,2243.93,5076.8100853,2025-05-25 00:00:00+00:00,1964.1880349558614,2226.2153725493204,150.14714285714285
1748217600000,2243.94,2279.89,2221.99,2252.05,5562.7665563,2025-05-26 00:00:00+00:00,1975.4767394673963,2226.472433518979,141.225
1748304000000,2251.81,2392.4,2203.88,2347.48,9479.70077184,2025-05-27 00:00:00+00:00,1990.0651026255377,2227.67648890685,135.46428571428572
1748390400000,2347.2,2387.37,2302.01,2387.37,7958.05785578,2025-05-28 00:00:00+00:00,2005.645686836301,2229.2654790669812,130.2935714285714
1748476800000,2387.37,2475.37,2302.8,2313.33,10284.50664064,2025-05-29 00:00:00+00:00,2017.7117383329166,2230.1019419618374,132.10499999999996
1748563200000,2313.34,2333.96,2211.01,2232.6,7568.30133224,2025-05-30 00:00:00+00:00,2026.1387289865277,2230.126798260725,133.74285714285708
1748649600000,2232.6,2249.77,2180.65,2230.42,2768.5219868,2025-05-31 00:00:00+00:00,2034.1497592223502,2230.129715690967,132.7957142857142
1748736000000,2230.43,2246.85,2180.0,2238.37,2968.94393362,2025-06-01 00:00:00+00:00,2042.1583961155914,2230.2117085696636,119.83357142857137
1748822400000,2238.38,2284.59,2166.13,2277.76,7248.58078915,2025-06-02 00:00:00+00:00,2051.397674699294,2230.6848258973287,116.18357142857137
1748908800000,2278.0,2331.54,2264.73,2278.86,7314.69557697,2025-06-03 00:00:00+00:00,2060.317765887557,2231.1641808635245,111.50285714285708
1748995200000,2279.15,2345.0,2271.06,2284.43,5751.27497002,2025-06-04 00:00:00+00:00,2069.1064809507902,2231.6941890141366,106.71642857142852
1749081600000,2284.44,2312.0,2091.55,2110.14,12454.66339972,2025-06-05 00:00:00+00:00,2070.715638560563,2230.4846945960853,112.92428571428566
1749168000000,2110.14,2223.97,2082.09,2174.74,5719.13740201,2025-06-06 00:00:00+00:00,2074.7950252836786,2229.930021018015,108.11857142857131
1749254400000,2174.81,2232.58,2159.43,2216.23,4514.26347689,2025-06-07 00:00:00+00:00,2080.341494880397,2229.79370240092,109.6757142857142
1749340800000,2216.46,2235.0,2189.8,2201.52,5048.95375206,2025-06-08 00:00:00+00:00,2085.0935931203817,2229.5123720287716,107.36857142857131
1749427200000,2201.39,2357.7,2172.39,2346.1,9817.41644658,2025-06-09 00:00:00+00:00,2095.32913848821,2230.672447928983,116.46928571428559
1749513600000,2346.23,2471.29,2329.08,2461.39,13950.64701024,2025-06-10 00:00:00+00:00,2109.684466390633,2232.9681449645154,113.16142857142846
1749600000000,2461.59,2504.97,2387.5,2409.55,9935.87112095,2025-06-11 00:00:00+00:00,2121.443899081197,2234.7251783479533,115.4549999999999
1749686400000,2409.55,2419.63,2261.82,2280.01,10095.58975987,2025-06-12 00:00:00+00:00,2127.662177548601,2235.175773588272,114.4007142857142
1749772800000,2280.01,2280.12,2115.35,2234.75,10583.72094164,2025-06-13 00:00:00+00:00,2131.8616999976757,2235.171537035155,117.38785714285707
1749859200000,2234.71,2234.71,2157.44,2192.82,4021.92083177,2025-06-14 00:00:00+00:00,2134.2522215663944,2234.750128706447,117.97285714285707
1749945600000,2192.82,2214.42,2159.42,2207.82,6372.95214592,2025-06-15 00:00:00+00:00,2137.137232485359,2234.482167226781,117.1264285714285
1750032000000,2207.82,2318.0,2180.0,2201.81,9260.62265626,2025-06-16 00:00:00+00:00,2139.6734194467176,2234.1570710354695,118.52214285714278
1750118400000,2203.11,2264.32,2132.95,2185.41,14974.60168859,2025-06-17 00:00:00+00:00,2141.4670108409637,2233.6720255525297,123.13357142857139
1750204800000,2185.41,2211.99,2147.76,2201.05,7555.30885501,2025-06-18 00:00:00+00:00,2143.8035986511222,2233.3474282833504,122.43999999999993
1750291200000,2200.72,2218.0,2170.0,2189.29,3040.37858242,2025-06-19 00:00:00+00:00,2145.5873790961764,2232.9090459123718,110.12214285714279
1750377600000,2189.4,2231.08,2050.0,2089.17,10909.58348524,2025-06-20 00:00:00+00:00,2143.3749328571107,2231.478806649562,112.92214285714282
1750464000000,2089.3,2200.61,1925.41,1994.34,10722.88421591,2025-06-21 00:00:00+00:00,2137.5304256862437,2229.119216533646,127.35428571428567
1750550400000,1994.69,2009.94,1839.18,1937.65,11555.55100747,2025-06-22 00:00:00+00:00,2129.6919776201166,2226.219025324356,136.32285714285712
1750636800000,1936.77,2103.0,1901.28,2080.22,17310.70796145,2025-06-23 00:00:00+00:00,2127.7519000663865,2224.7662987042136,137.49499999999998
1750723200000,2081.92,2135.62,2052.15,2107.74,8723.84074297,2025-06-24 00:00:00+00:00,2126.9671196716263,2223.6018579210872,133.29928571428567
1750809600000,2109.58,2123.75,2061.27,2071.53,5832.4425199,2025-06-25 00:00:00+00:00,2124.7931149786214,2222.088705105952,129.37142857142854
1750896000000,2071.52,2154.26,2047.37,2066.94,6032.57425016,2025-06-26 00:00:00+00:00,2122.5243653716166,2220.544936895943,125.73428571428572
1750982400000,2066.95,2103.96,2036.98,2070.01,4078.23097378,2025-06-27 00:00:00+00:00,2120.464978494298,2219.0470768273267,118.74928571428572
1751068800000,2070.01,2090.64,2056.06,2080.38,1313.54775947,2025-06-28 00:00:00+00:00,2118.8930185533454,2217.6673049185974,115.69714285714285
1751155200000,2080.08,2151.61,2060.0,2132.51,3255.60877399,2025-06-29 00:00:00+00:00,2119.4270178257634,2216.819968551248,118.31214285714286
1751241600000,2132.78,2151.82,2075.06,2110.05,7436.50197371,2025-06-30 00:00:00+00:00,2119.0592916365176,2215.75758080447,113.93785714285717
1751328000000,2110.05,2120.0,2023.42,2037.58,6998.76067596,2025-07-01 00:00:00+00:00,2115.8640252978307,2213.984669552684,111.45285714285714
1751414400000,2037.48,2218.37,2010.88,2179.02,9936.95100296,2025-07-02 00:00:00+00:00,2118.340730188112,2213.636762392956,121.6857142857143
1751500800000,2179.02,2240.0,2168.25,2203.04,11041.44721813,2025-07-03 00:00:00+00:00,2121.662270180735,2213.5313219711356,123.38214285714287
1751587200000,2203.04,2212.19,2102.75,2131.52,4277.50774944,2025-07-04 00:00:00+00:00,2122.048847820706,2212.715288916697,118.26500000000001
1751673600000,2131.63,2149.44,2115.71,2139.18,1222.70535371,2025-07-05 00:00:00+00:00,2122.72065771009,2211.9835944996153,101.01714285714287
1751760000000,2139.18,2210.0,2128.4,2182.59,3443.19698503,2025-07-06 00:00:00+00:00,2125.0684750547925,2211.691120922505,94.64857142857144
1751846400000,2182.43,2206.16,2143.98,2165.45,5036.14584497,2025-07-07 00:00:00+00:00,2126.65206426833,2211.2310102665597,84.68142857142857
1751932800000,2165.42,2241.13,2150.0,2231.7,5742.80103436,2025-07-08 00:00:00+00:00,2130.771591159768,2211.434681806196,85.22857142857144
1752019200000,2231.71,2383.84,2213.79,2359.77,12609.18576995,2025-07-09 00:00:00+00:00,2139.7519209182087,2212.910655121557,92.91214285714288
1752105600000,2360.36,2557.56,2348.28,2516.5,26531.33101684,2025-07-10 00:00:00+00:00,2154.5263553920045,2215.931444622835,100.22571428571428
1752192000000,2515.35,2592.96,2490.0,2518.1,11076.95180201,2025-07-11 00:00:00+00:00,2168.7841453766314,2218.9380969151453,102.79571428571428
1752278400000,2518.29,2535.03,2473.48,2502.94,4469.35195273,2025-07-12 00:00:00+00:00,2181.888296538332,2221.7639864980792,104.72214285714287
1752364800000,2503.81,2562.02,2500.01,2536.69,3791.70485213,2025-07-13 00:00:00+00:00,2195.8020888309466,2224.8975786722276,102.60785714285713
1752451200000,2536.62,2630.0,2527.69,2581.09,11152.01907612,2025-07-14 00:00:00+00:00,2210.9114186807133,2228.441781869519,104.4328571428571
1752537600000,2581.09,2706.49,2510.73,2703.57,11153.0264881,2025-07-15 00:00:00+00:00,2230.2313630461754,2233.1694258310163,111.51714285714282
1752624000000,2703.19,2938.02,2670.95,2901.25,23268.32463966,2025-07-16 00:00:00+00:00,2256.545819397306,2239.8169937331954,115.77285714285712
1752710400000,2897.64,3028.68,2847.84,2990.66,26585.13175329,2025-07-17 00:00:00+00:00,2285.3346107934904,2247.288068422418,123.56499999999996
1752796800000,2990.66,3159.25,2977.05,3050.24,22257.69529957,2025-07-18 00:00:00+00:00,2315.3309005662945,2255.2776398809015,128.7621428571428
1752883200000,3050.78,3101.1,3018.75,3089.87,3198.87599044,2025-07-19 00:00:00+00:00,2345.704982897028,2263.5820414741265,132.23499999999993
1752969600000,3089.87,3282.32,3080.86,3231.63,14074.53917709,2025-07-20 00:00:00+00:00,2380.4471404304777,2273.214359469409,140.79642857142852
1753056000000,3229.67,3310.0,3182.92,3218.47,12375.61292075,2025-07-21 00:00:00+00:00,2413.3107819822235,2282.6198882309072,145.4321428571428
1753142400000,3218.48,3250.37,3091.81,3192.44,17150.76752072,2025-07-22 00:00:00+00:00,2443.864868963313,2291.6728246664206,150.24857142857135
1753228800000,3191.41,3208.26,2995.66,3082.47,19013.06333654,2025-07-23 00:00:00+00:00,2468.90820743534,2299.5414532767054,153.2878571428571
1753315200000,3083.14,3208.5,2985.0,3153.48,12830.14629716,2025-07-24 00:00:00+00:00,2495.7541600849345,2308.0383542391264,154.3035714285714
1753401600000,3154.55,3195.5,2888.0,3171.28,9738.4872144,2025-07-25 00:00:00+00:00,2522.245369493369,2316.627823351175,168.9135714285714
1753488000000,3171.33,3227.11,3151.1,3184.55,4312.7338652,2025-07-26 00:00:00+00:00,2548.2181001014724,2325.26386490987,169.94642857142853
1753574400000,3184.55,3298.25,3179.0,3293.42,8106.15214203,2025-07-27 00:00:00+00:00,2577.4417040190615,2334.8972592888763,174.035
1753660800000,3294.26,3354.04,3237.02,3274.22,10118.62048787,2025-07-28 00:00:00+00:00,2604.7663430771377,2344.243754221325,175.08571428571426
1753747200000,3274.3,3359.5,3220.0,3284.18,7712.26720832,2025-07-29 00:00:00+00:00,2631.4100158976426,2353.5963536818094,171.06714285714287
1753833600000,3284.08,3334.1,3222.0,3331.21,7691.60421659,2025-07-30 00:00:00+00:00,2658.8531525291073,2363.32385265015,159.99785714285713
1753920000000,3331.22,3382.8,3231.1,3239.62,6858.45140554,2025-07-31 00:00:00+00:00,2681.628323018162,2372.0432173003974,157.9164285714286
1754006400000,3239.63,3264.07,2961.91,3012.58,14582.45056751,2025-08-01 00:00:00+00:00,2694.6068201547046,2378.4167176257665,166.48500000000007
1754092800000,3012.15,3055.03,2911.0,2930.83,7140.43291386,2025-08-02 00:00:00+00:00,2703.870474266285,2383.9133672016296,170.89071428571438
1754179200000,2930.83,3040.69,2896.07,3020.76,4806.3352345,2025-08-03 00:00:00+00:00,2716.2975144911366,2390.2501496175337,166.83071428571435
1754265600000,3020.76,3226.0,3017.53,3213.48,7505.61384468,2025-08-04 00:00:00+00:00,2735.7948668640333,2398.441491412384,172.6442857142858
1754352000000,3213.18,3213.19,3063.17,3120.49,6633.65289822,2025-08-05 00:00:00+00:00,2750.8809505164245,2405.6260536868876,172.05500000000006
1754438400000,3119.7,3171.63,3078.78,3159.23,5379.17463655,2025-08-06 00:00:00+00:00,2766.894638731467,2413.1246004163713,163.5014285714286
1754524800000,3159.23,3362.78,3133.4,3349.86,7585.712223,2025-08-07 00:00:00+00:00,2789.75602544788,2422.445350660985,163.9214285714286
1754611200000,3349.47,3492.49,3325.96,3439.85,15861.12816629,2025-08-08 00:00:00+00:00,2815.249906802865,2432.5687800076416,153.85214285714287
1754697600000,3439.9,3695.46,3438.18,3644.97,17244.94742436,2025-08-09 00:00:00+00:00,2847.7879496733412,2444.632473738909,166.8
1754784000000,3644.87,3700.49,3549.37,3646.16,15422.48567489,2025-08-10 00:00:00+00:00,2879.0966575292887,2456.5879715126516,169.07642857142858
1754870400000,3645.55,3755.56,3582.02,3637.37,17356.79148466,2025-08-11 00:00:00+00:00,2908.832867037944,2468.337046422974,173.11357142857145
1754956800000,3637.38,3966.73,3634.34,3926.42,25817.45563093,2025-08-12 00:00:00+00:00,2948.738244801162,2482.8453345182675,186.89142857142858
1755043200000,3927.36,4064.28,3906.16,4039.98,30202.74495792,2025-08-13 00:00:00+00:00,2991.5320391226855,2498.3392117867425,190.17857142857147
1755129600000,4040.79,4100.0,3806.23,3906.63,28367.7944664,2025-08-14 00:00:00+00:00,3027.4182336668937,2512.3520554505562,200.32642857142858
1755216000000,3906.63,3998.56,3738.78,3801.12,22352.36096185,2025-08-15 00:00:00+00:00,3057.759479405447,2525.175617087864,197.29928571428567
1755302400000,3799.57,3842.19,3744.2,3785.73,9718.31921778,2025-08-16 00:00:00+00:00,3086.307342958175,2537.7184467685815,194.01071428571427
1755388800000,3786.11,3915.47,3765.0,3823.49,7169.8687532,2025-08-17 00:00:00+00:00,3115.216466763737,2550.512193566904,194.4285714285714
1755475200000,3823.74,3830.82,3619.36,3697.12,15364.21715336,2025-08-18 00:00:00+00:00,3138.036213165159,2561.921226466736,194.64214285714283
1755561600000,3698.73,3734.85,3492.47,3501.19,12990.58694931,2025-08-19 00:00:00+00:00,3152.2775381390747,2571.2671844123406,201.21857142857144
1755648000000,3501.1,3756.53,3496.26,3721.94,11414.42081843,2025-08-20 00:00:00+00:00,3174.617242525778,2582.7166651644566,213.17714285714285
1755734400000,3720.48,3725.76,3621.92,3636.49,5569.0026872,2025-08-21 00:00:00+00:00,3192.72989968163,2593.201971978741,204.21
1755820800000,3638.05,4157.83,3625.56,4098.87,25817.4713549,2025-08-22 00:00:00+00:00,3228.2648055764676,2608.183743401838,230.33428571428573
1755907200000,4100.1,4100.1,3956.43,4053.93,5729.74499159,2025-08-23 00:00:00+00:00,3260.643832808763,2622.569278293362,222.21928571428575
1755993600000,4054.2,4205.0,4012.29,4078.63,16675.54797908,2025-08-24 00:00:00+00:00,3292.7217217182233,2637.057444678503,225.19000000000005
1756080000000,4078.61,4095.66,3733.01,3770.45,14581.69021194,2025-08-25 00:00:00+00:00,3311.456164003783,2648.334982542399,238.69785714285717
1756166400000,3770.1,3980.0,3707.18,3954.62,13711.64089988,2025-08-26 00:00:00+00:00,3336.678275219321,2661.332843412624,234.4428571428572
1756252800000,3954.62,4022.34,3850.57,3870.08,8967.47875102,2025-08-27 00:00:00+00:00,3357.595989916603,2673.3601783040403,235.41785714285717
1756339200000,3870.09,3975.03,3793.1,3860.97,5940.49729826,2025-08-28 00:00:00+00:00,3377.3361471747753,2685.177191455244,227.42928571428575
1756425600000,3862.76,3865.26,3658.0,3733.21,8708.78572899,2025-08-29 00:00:00+00:00,3391.2919845404704,2695.6053786049433,223.67785714285722
1756512000000,3734.51,3779.88,3650.0,3746.35,3476.15280352,2025-08-30 00:00:00+00:00,3405.2158282839814,2706.0605489670834,225.95571428571435
1756598400000,3746.35,3849.94,3745.34,3758.6,4515.7160396,2025-08-31 00:00:00+00:00,3419.0740310963747,2716.533578330595,222.67928571428578
1756684800000,3758.6,3830.0,3600.0,3683.09,7798.04217421,2025-09-01 00:00:00+00:00,3429.42759850436,2726.151055163127,224.00357142857152
1756771200000,3683.43,3787.0,3660.44,3717.4,7459.09859722,2025-09-02 00:00:00+00:00,3440.7206338571305,2736.0142287435933,215.73071428571436
1756857600000,3717.61,3847.0,3683.86,3818.4,5444.97662102,2025-09-03 00:00:00+00:00,3455.531589392145,2746.7842364177864,208.7928571428572
1756944000000,3817.79,3845.0,3664.54,3688.65,7650.0644825,2025-09-04 00:00:00+00:00,3464.6734878473553,2756.1560350603954,214.26571428571432
1757030400000,3688.65,3830.0,3628.94,3677.95,7682.1326884,2025-09-05 00:00:00+00:00,3473.037272637655,2765.328114313526,190.6078571428572
1757116800000,3678.46,3695.0,3616.38,3649.98,2148.48308795,2025-09-06 00:00:00+00:00,3479.9762031224527,2774.1306206387644,185.96142857142857
1757203200000,3649.98,3702.98,3645.57,3676.62,2377.45557707,2025-09-07 00:00:00+00:00,3487.687724568631,2783.1106144632545,176.29714285714286
1757289600000,3676.62,3730.0,3641.32,3660.44,7082.58476325,2025-09-08 00:00:00+00:00,3494.4623236051552,2791.840260090486,156.72785714285715
1757376000000,3659.27,3723.41,3635.02,3682.43,7886.63772628,2025-09-09 00:00:00+00:00,3501.833605032404,2800.701849542322,143.5542857142857
1757462400000,3683.35,3799.25,3663.88,3715.72,11538.3799005,2025-09-10 00:00:00+00:00,3510.221306795839,2809.8065077558317,140.9542857142857
1757548800000,3716.57,3832.14,3709.31,3801.78,6466.04174263,2025-09-11 00:00:00+00:00,3521.65498103914,2819.6768907632363,136.73285714285709
1757635200000,3801.76,4044.54,3796.32,4013.93,11151.82973822,2025-09-12 00:00:00+00:00,3540.9598837434874,2831.56000627803,139.65857142857135
1757721600000,4014.05,4056.54,3912.93,3967.49,6127.05193175,2025-09-13 00:00:00+00:00,3557.686554969233,2842.8627922852143,140.63928571428565
1757808000000,3966.97,3985.15,3858.43,3928.46,7984.65901284,2025-09-14 00:00:00+00:00,3572.2266900684785,2853.664754551033,142.21928571428566
1757894400000,3928.46,3983.18,3800.0,3846.99,5293.66945286,2025-09-15 00:00:00+00:00,3583.0017218304993,2863.5485878390828,138.87499999999994
1757980800000,3846.39,3858.89,3740.69,3793.38,6806.89004653,2025-09-16 00:00:00+00:00,3591.2518503861656,2872.80064169143,138.27785714285707
1758067200000,3793.62,3906.0,3715.32,3882.93,9986.67915549,2025-09-17 00:00:00+00:00,3602.6902091945512,2882.85168008256,140.24499999999992
1758153600000,3882.75,3937.0,3863.4,3893.03,5509.33870273,2025-09-18 00:00:00+00:00,3614.0760833437844,2892.903205653878,132.61214285714277
1758240000000,3892.86,3923.39,3780.0,3808.49,3434.29974107,2025-09-19 00:00:00+00:00,3621.7001585067733,2902.013522015531,128.49285714285705
1758326400000,3808.64,3843.26,3800.0,3818.86,1385.15740078,2025-09-20 00:00:00+00:00,3629.431916996704,2911.13637254274,125.96714285714279
1758412800000,3818.86,3830.0,3790.0,3790.01,3250.52470875,2025-09-21 00:00:00+00:00,3635.7290967223234,2919.88138376122,124.72357142857138
1758499200000,3790.12,3799.76,3455.28,3563.35,12305.04128968,2025-09-22 00:00:00+00:00,3632.8907007724283,2926.284056559616,142.99499999999995
1758585600000,3563.35,3584.99,3491.81,3525.96,4553.11686787,2025-09-23 00:00:00+00:00,3628.6973399578237,2932.2509813699685,143.33714285714282
1758672000000,3525.96,3584.0,3457.0,3538.95,4764.83526672,2025-09-24 00:00:00+00:00,3625.1778364300662,2938.2877875254917,142.73928571428567
1758758400000,3538.77,3545.16,3281.8,3323.97,16735.59952829,2025-09-25 00:00:00+00:00,3613.3657644132013,2942.1254214804617,152.7771428571428
1758844800000,3325.33,3479.95,3318.96,3450.83,5750.01314153,2025-09-26 00:00:00+00:00,3606.991812867586,2947.1871585801587,146.54642857142852
1758931200000,3450.83,3456.12,3399.1,3438.12,1491.37698252,2025-09-27 00:00:00+00:00,3600.3693888335633,2952.0720624748838,140.3614285714285
1759017600000,3438.92,3543.7,3393.88,3542.69,2575.60773203,2025-09-28 00:00:00+00:00,3598.107452016561,2957.948857873144,142.01142857142847
1759104000000,3541.74,3613.41,3481.0,3596.85,4693.87129398,2025-09-29 00:00:00+00:00,3598.0581401727745,2964.3060831679386,138.3849999999999
1759190400000,3595.96,3623.19,3484.2,3533.38,5711.32065977,2025-09-30 00:00:00+00:00,3595.5217425189403,2969.9685102010935,139.86999999999992
1759276800000,3533.38,3710.0,3506.2,3706.29,6554.79494998,2025-10-01 00:00:00+00:00,3599.865595753492,2977.2950921891425,140.8071428571428
1759363200000,3706.28,3850.0,3696.01,3825.0,5877.23151685,2025-10-02 00:00:00+00:00,3608.6943959200216,2985.7299668937285,146.54928571428565
1759449600000,3825.0,3905.26,3772.9,3839.86,6274.91888551,2025-10-03 00:00:00+00:00,3617.7597137270795,2994.228773193294,145.76142857142852
1759536000000,3840.47,3844.87,3772.43,3813.66,3660.33838105,2025-10-04 00:00:00+00:00,3625.442077894645,3002.3823177386344,147.84571428571422
1759622400000,3813.85,3905.66,3796.63,3841.79,4917.59366062,2025-10-05 00:00:00+00:00,3633.9263101340707,3010.7346329850166,152.7764285714285
1759708800000,3841.79,4033.67,3824.54,3993.57,9114.72749051,2025-10-06 00:00:00+00:00,3648.02998424646,3020.5140893732255,143.10857142857137
1759795200000,3991.9,4074.0,3802.0,3817.66,10252.18356985,2025-10-07 00:00:00+00:00,3654.682141726991,3028.4458894789645,155.88142857142853
1759881600000,3818.44,3928.73,3793.73,3892.36,5561.28868456,2025-10-08 00:00:00+00:00,3664.0028420514227,3037.0420497826567,156.45285714285708
1759968000000,3892.06,3894.9,3690.49,3776.98,7721.77564444,2025-10-09 00:00:00+00:00,3668.43331883372,3044.404616451486,152.24214285714285
1760054400000,3777.47,3798.0,2967.93,3340.39,36449.15565882,2025-10-10 00:00:00+00:00,3655.568874957888,3047.3497446459987,200.03357142857143
1760140800000,3339.0,3383.32,3182.42,3270.44,9697.43184156,2025-10-11 00:00:00+00:00,3640.465781822285,3049.5695481818593,210.3107142857143
1760227200000,3270.44,3634.04,3224.63,3586.7,10052.02538483,2025-10-12 00:00:00+00:00,3638.3573197900387,3054.91412979199,228.85285714285718
1760313600000,3585.48,3713.0,3498.75,3671.57,5665.20989896,2025-10-13 00:00:00+00:00,3639.659777837488,3061.0500090975424,234.69857142857148
1760400000000,3671.58,3693.26,3372.55,3556.19,9930.28678832,2025-10-14 00:00:00+00:00,3636.3864532164102,3065.9767751761738,247.67857142857147
1760486400000,3558.61,3624.68,3371.98,3424.45,11910.77934791,2025-10-15 00:00:00+00:00,3628.0752197569436,3069.5436729356147,251.17142857142858
1760572800000,3424.45,3507.35,3276.24,3331.24,7607.74779048,2025-10-16 00:00:00+00:00,3616.43462290373,3072.1476164884944,256.68
1760659200000,3330.88,3374.75,3135.0,3292.7,13474.68516485,2025-10-17 00:00:00+00:00,3603.739147495741,3074.342167568211,264.35071428571433
1760745600000,3292.7,3374.59,3283.38,3342.34,1952.57250744,2025-10-18 00:00:00+00:00,3593.4882005351237,3077.0088126670353,265.6914285714286
1760832000000,3342.58,3459.9,3285.86,3419.19,3726.83571766,2025-10-19 00:00:00+00:00,3586.6529769847266,3080.4136006006966,270.33500000000004
1760918400000,3419.19,3503.17,3357.46,3418.58,5209.24217582,2025-10-20 00:00:00+00:00,3580.0618798480705,3083.7784403957144,265.805
1761004800000,3418.58,3537.0,3302.55,3341.42,6711.3907691,2025-10-21 00:00:00+00:00,3570.7033747559894,3086.3420380037173,263.1228571428572
1761091200000,3340.41,3352.22,3194.93,3278.67,5586.43609249,2025-10-22 00:00:00+00:00,3559.251085549872,3088.255749068357,264.71500000000003
1761177600000,3279.03,3388.06,3272.46,3321.34,4298.22733701,2025-10-23 00:00:00+00:00,3549.9212390577204,3090.574995346284,258.37142857142857
1761264000000,3321.36,3457.87,3312.45,3385.09,3387.29009946,2025-10-24 00:00:00+00:00,3543.4572688985945,3093.505492905028,209.46785714285713
1761350400000,3385.08,3409.37,3365.82,3398.55,1126.84218942,2025-10-25 00:00:00+00:00,3537.7746309025715,3096.5407616323414,198.22857142857137
1761436800000,3399.64,3585.86,3371.52,3572.93,4701.61658039,2025-10-26 00:00:00+00:00,3539.153272827961,3101.2809530588856,184.295
1761523200000,3572.94,3657.26,3518.24,3535.88,7009.30436268,2025-10-27 00:00:00+00:00,3539.0249091876485,3105.6053216851656,178.92142857142858
1761609600000,3535.68,3583.75,3373.26,3418.23,8055.66223385,2025-10-28 00:00:00+00:00,3534.287853925388,3108.7160150017316,171.04857142857142
1761696000000,3418.23,3472.31,3317.0,3364.84,6760.10502202,2025-10-29 00:00:00+00:00,3527.6428400459613,3111.2645123648986,164.09214285714285
1761782400000,3364.65,3399.18,3182.96,3287.09,12060.95471237,2025-10-30 00:00:00+00:00,3518.209395338277,3113.014019704551,163.0285714285714
1761868800000,3289.72,3384.54,3282.11,3331.75,7093.93458049,2025-10-31 00:00:00+00:00,3510.897262187756,3115.1904971204262,153.21999999999997
1761955200000,3331.76,3361.48,3319.02,3351.45,2456.64454679,2025-11-01 00:00:00+00:00,3504.6444283764718,3117.541337945099,149.7378571428571
1762041600000,3351.45,3393.22,3326.28,3386.59,3589.08470431,2025-11-02 00:00:00+00:00,3500.0148429499436,3120.2184390600733,142.08785714285708
1762128000000,3386.59,3392.45,3087.7,3126.19,10017.21568721,2025-11-03 00:00:00+00:00,3485.3550451872006,3120.277857576889,153.4478571428571
1762214400000,3126.26,3174.22,2664.0,2861.91,24575.2854159,2025-11-04 00:00:00+00:00,3460.906219885742,3117.7070331233876,173.1457142857142
1762300800000,2861.91,3030.01,2758.0,2979.98,10769.31355063,2025-11-05 00:00:00+00:00,3442.046368125517,3116.3366148833543,181.33999999999995
1762387200000,2979.42,3003.46,2809.67,2869.2,4617.50051451,2025-11-06 00:00:00+00:00,3419.5818046696145,3113.877544088495,186.92499999999995
1762473600000,2869.2,3005.91,2760.63,2968.83,9614.62111087,2025-11-07 00:00:00+00:00,3401.905263310022,3112.434284943336,194.05785714285707
1762560000000,2968.83,3009.54,2900.99,2939.4,2514.07405728,2025-11-08 00:00:00+00:00,3383.767802003747,3110.7125507647957,198.70071428571424
1762646400000,2939.24,3132.71,2905.0,3102.26,4325.18208308,2025-11-09 00:00:00+00:00,3372.7282803565413,3110.6284457820616,199.65571428571425
1762732800000,3102.26,3161.56,3037.24,3085.69,5127.53333435,2025-11-10 00:00:00+00:00,3361.4718772053043,3110.380302042937,198.6057142857142
1762819200000,3085.69,3153.0,2941.0,2949.4,6100.6701502,2025-11-11 00:00:00+00:00,3345.3121957462727,3108.778507992759,198.71357142857138
1762905600000,2949.66,3099.0,2910.06,2946.81,6144.29767154,2025-11-12 00:00:00+00:00,3329.6846586581837,3107.1668810475576,201.11571428571423
1762992000000,2946.81,3074.55,2711.67,2778.47,9717.54462699,2025-11-13 00:00:00+00:00,3308.0683975343336,3103.8962653157414,211.59142857142857
1763078400000,2778.31,2799.16,2635.64,2676.58,13629.03749296,2025-11-14 00:00:00+00:00,3283.3041466506343,3099.6443621782714,215.95499999999998
1763164800000,2676.62,2779.0,2674.86,2726.22,3068.86718209,2025-11-15 00:00:00+00:00,3261.45770952708,3095.928696882965,220.36071428571427
1763251200000,2726.22,2794.0,2575.09,2661.37,8887.40616717,2025-11-16 00:00:00+00:00,3237.924858173077,3091.6047297498017,231.21571428571428
1763337600000,2661.31,2772.46,2547.54,2608.45,10689.96571132,2025-11-17 00:00:00+00:00,3213.2395696172703,3086.7972200010477,225.51357142857142
1763424000000,2609.7,2734.85,2538.12,2695.6,10454.11488506,2025-11-18 00:00:00+00:00,3192.939978651887,3082.904710349296,203.1214285714286
1763510400000,2695.6,2696.87,2491.12,2620.0,11964.44884311,2025-11-19 00:00:00+00:00,3170.4717441949506,3078.298693330895,198.38857142857142
1763596800000,2620.0,2656.39,2418.0,2455.08,14539.65112976,2025-11-20 00:00:00+00:00,3142.417165991227,3072.097512302727,201.5742857142857
1763683200000,2455.08,2498.49,2277.92,2401.52,14224.33618235,2025-11-21 00:00:00+00:00,3113.3623751680416,3065.4250992449884,199.80928571428572
1763769600000,2401.38,2430.86,2350.46,2406.37,2346.2942615,2025-11-22 00:00:00+00:00,3085.637183984981,3058.867337063446,197.79857142857142
1763856000000,2406.37,2489.53,2405.58,2435.87,6427.96476375,2025-11-23 00:00:00+00:00,3060.1561179463547,3052.668358585203,187.53
1763942400000,2435.87,2590.03,2402.88,2563.87,9104.37638967,2025-11-24 00:00:00+00:00,3040.693917242576,3047.8046933256487,192.01785714285714
1764028800000,2563.87,2574.0,2470.0,2559.0,7950.87935186,2025-11-25 00:00:00+00:00,3021.803959703652,3042.9409650338516,184.30357142857142
1764115200000,2558.98,2624.83,2496.45,2610.05,7289.93465635,2025-11-26 00:00:00+00:00,3005.6567455976265,3038.633592247445,179.97785714285715
1764201600000,2610.05,2644.18,2576.28,2600.13,5753.36746236,2025-11-27 00:00:00+00:00,2989.753735966347,3034.2703724240873,158.90785714285713
1764288000000,2600.23,2679.29,2585.0,2615.47,4053.47020994,2025-11-28 00:00:00+00:00,2975.0759423990394,3030.103204539271,153.9628571428571
1764374400000,2615.47,2632.89,2560.01,2580.88,1955.90854936,2025-11-29 00:00:00+00:00,2959.617277991234,3025.6333219070393,151.72999999999996
1764460800000,2580.88,2633.93,2570.01,2580.37,1767.09825194,2025-11-30 00:00:00+00:00,2944.744835717068,3021.202841092044,140.65928571428566
1764547200000,2580.37,2585.84,2339.82,2411.55,19963.76883873,2025-12-01 00:00:00+00:00,2923.835234316399,3015.1366436682424,142.1664285714285
1764633600000,2411.62,2612.92,2396.02,2577.26,9044.69253421,2025-12-02 00:00:00+00:00,2910.244048656932,3010.7796621392054,143.6071428571428
1764720000000,2577.26,2754.86,2568.49,2733.57,7480.89284851,2025-12-03 00:00:00+00:00,2903.315654591954,3008.021357043293,142.2228571428571
1764806400000,2733.7,2778.77,2634.29,2692.06,5749.28070237,2025-12-04 00:00:00+00:00,2895.0311191177598,3004.87746294336,135.51499999999996
1764892800000,2692.06,2740.94,2566.35,2599.22,9217.8810417,2025-12-05 00:00:00+00:00,2883.430683073926,3000.841070277257,132.2307142857143
1764979200000,2599.22,2639.91,2591.37,2613.03,2133.75368902,2025-12-06 00:00:00+00:00,2872.826734718086,2996.982253657583,129.95499999999998
1765065600000,2613.03,2706.77,2500.0,2632.28,3242.09716861,2025-12-07 00:00:00+00:00,2863.3935294350235,2993.3533755117364,138.72785714285712
1765152000000,2630.05,2728.46,2614.45,2684.77,6963.82873128,2025-12-08 00:00:00+00:00,2856.388685143454,2990.2828941633607,133.5035714285714
1765238400000,2684.98,2918.82,2655.61,2855.57,10340.87764853,2025-12-09 00:00:00+00:00,2856.3565798437107,2988.942467355765,144.87571428571428
1765324800000,2853.52,2950.0,2827.52,2840.09,9636.12423424,2025-12-10 00:00:00+00:00,2855.718674751801,2987.4613482775985,144.4542857142857
1765411200000,2841.77,2844.91,2681.86,2757.72,7688.94251245,2025-12-11 00:00:00+00:00,2851.8755894674164,2985.1753647126475,151.25071428571428
1765497600000,2758.34,2782.95,2595.79,2629.54,7036.85811412,2025-12-12 00:00:00+00:00,2843.1565467432038,2981.6367043672485,157.88428571428568
1765584000000,2629.83,2672.18,2624.78,2654.8,2201.50115758,2025-12-13 00:00:00+00:00,2835.7700154983722,2978.3845978561317,156.0642857142857
1765670400000,2654.69,2666.95,2576.01,2610.0,4915.60054592,2025-12-14 00:00:00+00:00,2826.916289400397,2974.719079469504,157.9942857142857
1765756800000,2610.0,2705.22,2465.68,2522.78,8993.77903965,2025-12-15 00:00:00+00:00,2814.989376090578,2970.2221732061257,157.53142857142853
1765843200000,2522.73,2533.15,2448.87,2520.77,8371.32889121,2025-12-16 00:00:00+00:00,2803.451361341928,2965.7500122787014,148.0585714285714
1765929600000,2520.52,2578.0,2375.65,2413.17,11259.01451909,2025-12-17 00:00:00+00:00,2788.1462099167543,2960.2517036988143,149.19999999999996
1766016000000,2412.08,2556.31,2367.0,2411.49,13221.64765754,2025-12-18 00:00:00+00:00,2773.375378155313,2954.7913882391244,152.4021428571428
1766102400000,2411.44,2573.26,2396.34,2542.72,8810.03313234,2025-12-19 00:00:00+00:00,2764.3300692080456,2950.691175420825,152.56857142857137
1766188800000,2542.72,2555.0,2533.53,2542.1,2214.6562979,2025-12-20 00:00:00+00:00,2755.61516453322,2946.625591585792,150.63499999999993
1766275200000,2541.94,2573.18,2513.59,2562.37,3204.81166784,2025-12-21 00:00:00+00:00,2748.0369227868196,2942.8021528635454,140.12214285714276
1766361600000,2562.46,2620.0,2521.66,2555.9,9841.29480712,2025-12-22 00:00:00+00:00,2740.502141501062,2938.952380198237,139.00285714285704
1766448000000,2557.31,2579.84,2461.92,2512.01,9211.95347925,2025-12-23 00:00:00+00:00,2731.5416653637653,2934.704197310692,128.62499999999991
1766534400000,2512.06,2521.81,2451.76,2501.08,5120.02495273,2025-12-24 00:00:00+00:00,2722.503952996559,2930.3895286807347,124.87999999999988
1766620800000,2500.98,2519.56,2453.52,2463.79,3271.01303192,2025-12-25 00:00:00+00:00,2712.3583077810076,2925.7467473008273,117.95071428571418
1766707200000,2463.34,2537.77,2454.72,2485.64,3331.77331999,2025-12-26 00:00:00+00:00,2703.46739375038,2921.367575685894,110.51428571428563
1766793600000,2486.22,2511.44,2476.63,2502.56,2121.12683479,2025-12-27 00:00:00+00:00,2695.5886724268357,2917.2003361268303,109.61499999999994
1766880000000,2501.96,2510.5,2481.82,2503.69,2419.10696011,2025-12-28 00:00:00+00:00,2688.06323429245,2913.0858054191003,105.1678571428571
1766966400000,2503.94,2592.39,2472.19,2492.92,6802.33079731,2025-12-29 00:00:00+00:00,2680.4105584378444,2908.9050511363234,96.64357142857138
1767052800000,2492.92,2554.01,2477.93,2529.0,7761.01004691,2025-12-30 00:00:00+00:00,2674.4728894794976,2905.124901373773,96.0578571428571
1767139200000,2529.0,2573.93,2518.46,2525.99,7968.93041178,2025-12-31 00:00:00+00:00,2668.650031068537,2901.3524147929393,85.56642857142853
1767225600000,2525.99,2558.47,2525.8,2553.9,2305.47146661,2026-01-01 00:00:00+00:00,2664.150029850163,2897.8951768348006,74.37785714285708
1767312000000,2553.79,2682.97,2542.64,2666.52,8351.87307477,2026-01-02 00:00:00+00:00,2664.2429698560386,2895.5929362692805,71.76428571428563
1767398400000,2666.52,2675.61,2624.1,2669.04,3268.85624533,2026-01-03 00:00:00+00:00,2664.4310886852136,2893.3386781969493,73.90999999999995
1767484800000,2668.99,2701.61,2661.75,2685.9,3880.72861323,2026-01-04 00:00:00+00:00,2665.27300677599,2891.274611747229,72.50071428571427
1767571200000,2685.91,2784.33,2681.45,2753.43,6914.91195915,2026-01-05 00:00:00+00:00,2668.7301437651668,2889.9030235706396,72.82499999999997
1767657600000,2753.48,2826.95,2718.87,2821.23,10530.52040925,2026-01-06 00:00:00+00:00,2674.7105302841796,2889.21970990327,72.12214285714283
1767744000000,2819.91,2819.95,2675.0,2712.75,6037.66051604,2026-01-07 00:00:00+00:00,2676.2022741946043,2887.463792391795,77.56357142857142
1767830400000,2712.24,2724.95,2617.18,2663.04,5036.23012898,2026-01-08 00:00:00+00:00,2675.68610657913,2885.2307198306826,80.5442857142857
1767916800000,2663.27,2699.85,2629.57,2651.1,4253.25664904,2026-01-09 00:00:00+00:00,2674.7219455368113,2882.901060926895,79.63214285714282
1768003200000,2651.24,2665.0,2644.03,2651.44,1616.2518706,2026-01-10 00:00:00+00:00,2673.8089280647796,2880.597965793294,78.64357142857138
1768089600000,2651.44,2700.51,2650.4,2683.85,2582.97131027,2026-01-11 00:00:00+00:00,2674.202695591651,2878.6402745913706,80.17428571428569
1768176000000,2683.7,2716.4,2622.02,2650.36,5216.63370548,2026-01-12 00:00:00+00:00,2673.26768792139,2876.368829073049,78.33
1768262400000,2650.33,2898.29,2649.01,2854.2,7863.41505742,2026-01-13 00:00:00+00:00,2680.3630727087866,2876.148243709138,90.70142857142852
1768348800000,2854.54,2921.21,2815.4,2880.96,10598.4643006,2026-01-14 00:00:00+00:00,2688.2296188770697,2876.1961218811866,94.29714285714282
1768435200000,2881.31,2915.0,2816.24,2858.14,6613.23429069,2026-01-15 00:00:00+00:00,2694.892771077969,2876.0164589768965,99.01785714285714
1768521600000,2858.21,2865.0,2805.74,2841.25,3527.64291927,2026-01-16 00:00:00+00:00,2700.632270251382,2875.670524061704,93.22714285714288
1768608000000,2841.25,2870.0,2830.36,2856.55,1986.8031309,2026-01-17 00:00:00+00:00,2706.7466910258377,2875.4802700909404,92.37928571428571
1768694400000,2856.33,2904.66,2819.28,2824.17,2797.56433815,2026-01-18 00:00:00+00:00,2711.351526671883,2874.969720139787,95.63071428571425
1768780800000,2824.96,2824.96,2716.46,2738.58,6403.64954358,2026-01-19 00:00:00+00:00,2712.4193099396525,2873.612608496605,96.03214285714282
1768867200000,2738.56,2747.07,2460.01,2504.23,12732.73241357,2026-01-20 00:00:00+00:00,2704.2550232753524,2869.937159655843,108.81642857142853
1768953600000,2504.24,2624.12,2447.82,2552.93,13156.17213612,2026-01-21 00:00:00+00:00,2698.320708637103,2866.7828595597653,110.96428571428565
1769040000000,2552.87,2596.94,2477.0,2509.26,5340.20951094,2026-01-22 00:00:00+00:00,2690.906563200354,2863.225418171111,111.83357142857137
1769126400000,2509.79,2559.0,2461.06,2497.99,4914.5349003,2026-01-23 00:00:00+00:00,2683.3412077807325,2859.591234905727,113.80928571428568
1769212800000,2497.99,2507.81,2488.03,2494.71,1917.53637392,2026-01-24 00:00:00+00:00,2675.943905514822,2855.960575851939,113.72428571428567
1769299200000,2494.51,2500.08,2342.31,2373.87,11016.11262447,2026-01-25 00:00:00+00:00,2664.0978700044366,2851.1636546991836,121.41428571428567
1769385600000,2373.25,2482.44,2371.3,2464.9,8322.50923723,2026-01-26 00:00:00+00:00,2656.286188827792,2847.320235249441,122.6114285714285
1769472000000,2464.92,2520.48,2430.25,2514.54,8772.62410971,2026-01-27 00:00:00+00:00,2650.727514756114,2844.0089891275557,111.25071428571424
1769558400000,2513.99,2542.36,2486.89,2509.82,6278.2958308,2026-01-28 00:00:00+00:00,2645.2017298637174,2840.6837255541473,107.65499999999997
1769644800000,2510.18,2513.25,2300.31,2355.32,10925.45623248,2026-01-29 00:00:00+00:00,2633.83381888867,2835.854235747638,115.81071428571424
1769731200000,2355.16,2359.12,2218.52,2281.21,17222.25737588,2026-01-30 00:00:00+00:00,2620.0054338342125,2830.3353876307465,121.62071428571423
1769817600000,2281.28,2287.51,1892.04,2072.43,22525.31516582,2026-01-31 00:00:00+00:00,2598.531887409342,2822.7940404901424,147.0371428571428
1769904000000,2072.5,2092.5,1875.0,1914.17,13271.79649688,2026-02-01 00:00:00+00:00,2571.6941663344655,2813.753005261385,156.4742857142857
1769990400000,1914.69,2029.98,1819.1,1988.0,52629.77802511,2026-02-02 00:00:00+00:00,2548.804199027232,2805.536557447839,163.78714285714287
1770076800000,1988.09,1996.87,1784.0,1887.99,30784.63417325,2026-02-03 00:00:00+00:00,2522.889916712438,2796.406740955821,158.48785714285714
1770163200000,1888.34,1938.89,1757.62,1816.34,24889.62303999,2026-02-04 00:00:00+00:00,2495.1820768413622,2786.654833085614,158.84285714285716
1770249600000,1816.82,1836.56,1541.64,1548.95,41321.95759287,2026-02-05 00:00:00+00:00,2458.0749365730735,2774.339362109638,171.3414285714286
1770336000000,1548.87,1771.77,1484.0,1748.01,30861.85595559,2026-02-06 00:00:00+00:00,2430.229252785894,2764.1271296508357,184.9007142857143
1770422400000,1748.16,1801.27,1690.14,1770.0,11310.22290729,2026-02-07 00:00:00+00:00,2404.3379095393884,2754.235317415504,191.4257142857143
1770508800000,1769.59,1822.37,1750.73,1767.32,7906.71209988,2026-02-08 00:00:00+00:00,2379.356815047648,2744.415264505897,185.27357142857142
1770595200000,1767.42,1800.0,1686.34,1767.51,13000.55154584,2026-02-09 00:00:00+00:00,2355.3628223006817,2734.6948141128037,185.45357142857145
1770681600000,1767.8,1783.01,1669.17,1700.0,9988.88318332,2026-02-10 00:00:00+00:00,2329.6623194653607,2724.399343325612,187.14000000000001
1770768000000,1701.0,1706.29,1604.62,1635.12,12723.10926269,2026-02-11 00:00:00+00:00,2302.425365760837,2713.5607428945113,190.44
1770854400000,1634.21,1684.04,1598.79,1639.93,8951.14973883,2026-02-12 00:00:00+00:00,2276.4451553388435,2702.877849930387,181.31928571428574
1770940800000,1640.42,1744.74,1622.41,1725.86,6835.77226686,2026-02-13 00:00:00+00:00,2254.8535806196733,2693.1562792843138,180.0142857142857
1771027200000,1725.86,1777.36,1721.02,1759.95,3309.79114909,2026-02-14 00:00:00+00:00,2235.4455970659606,2683.870644664569,155.79071428571427
1771113600000,1760.13,1774.11,1625.31,1656.68,8227.85933677,2026-02-15 00:00:00+00:00,2212.7489069849426,2673.649842230096,150.88357142857143
1771200000000,1657.26,1707.38,1634.08,1686.51,5775.95841633,2026-02-16 00:00:00+00:00,2192.11208710318,2663.827555242732,141.05642857142854
1771286400000,1686.11,1700.45,1643.98,1680.42,6841.32328667,2026-02-17 00:00:00+00:00,2172.0457307461925,2654.042405439322,129.885
1771372800000,1680.55,1722.22,1632.0,1659.31,7066.61679362,2026-02-18 00:00:00+00:00,2151.9384471875182,2644.1445705593287,123.38142857142854
1771459200000,1659.18,1684.22,1621.86,1655.58,6234.46751836,2026-02-19 00:00:00+00:00,2132.47341004291,2634.308107170679,106.77
1771545600000,1655.92,1680.0,1636.47,1670.76,6928.94546,2026-02-20 00:00:00+00:00,2114.3670018059333,2624.7205638157466,89.32428571428571
1771632000000,1670.59,1696.1,1660.01,1675.39,4353.73119284,2026-02-21 00:00:00+00:00,2097.152217421387,2615.2744885538987,83.96428571428571
1771718400000,1674.65,1683.17,1642.56,1654.51,2487.38006146,2026-02-22 00:00:00+00:00,2079.7936990911367,2605.714642896646,81.74785714285716
1771804800000,1654.71,1655.08,1557.64,1574.44,10164.06586507,2026-02-23 00:00:00+00:00,2059.9759069699157,2595.453203663844,80.58928571428571
1771891200000,1574.03,1585.12,1528.05,1577.68,8940.67057723,2026-02-24 00:00:00+00:00,2041.0623419907033,2585.3261071099746,76.53428571428572
